i:1,N:3333,E:0.50000, std:0.00000
psi = (1.000 + 0.000*y)* exp(-r*r/2)
